Webots Project File version R2025a
perspectives: 000000ff00000000fd000000020000000100000075000001f6fc0200000001fb0000001400540065007800740045006400690074006f00720100000019000001f60000004000ffffff00000003000005000000008ffc0100000001fb0000001a0043006f006e0073006f006c00650041006c006c0041006c006c0100000000000005000000006900ffffff00000489000001f600000001000000020000000100000008fc00000000
simulationViewPerspectives: 000000ff000000010000000200000110000002720100000002010000000101
sceneTreePerspectives: 000000ff000000010000000300000022000000c0000000fa0100000002010000000201
minimizedPerspectives: 000000ff00000000fd0000000200000001000001c5000003adfc0200000001fb0000001400540065007800740045006400690074006f00720100000019000003ad0000008a00ffffff00000003000007800000007bfc0100000001fb0000001a0043006f006e0073006f006c00650041006c006c0041006c006c0100000000000007800000000000000000000005b9000003ad00000001000000020000000100000008fc00000000
maximizedDockId: -1
centralWidgetVisible: 1
orthographicViewHeight: 1
textFiles: -1
consoles: Console:All:All
renderingDevicePerspectives: robot:oak_d_left;1;0.396875;0.328508;0.00190114
renderingDevicePerspectives: robot:oak_d_rgb;1;0.302948;0.687082;0.00380228
renderingDevicePerspectives: robot:oak_d_right;1;0.309375;0;0
